279 0.14
279 0.45
279 0.11
171 0.71
279 0.12
279 0.18
279 0.4
279 0.12
150 1.25
279 0.2
255 0.83
279 0.15
279 0.07
279 0.29
279 0.05
279 0.12
279 0.34
279 0.03
279 0.24
279 0.15
279 0.07
279 0.14
279 0.37
279 0.19
279 0.13
279 0.13
279 0.45
279 0.11
279 0.5
279 0.33
279 0.2
279 0.27
279 0.33
279 0.13
279 0.09
279 0.12
279 0.16
279 0.23
279 0.41
279 0.12
109 1.03
279 0.27
279 0.13
279 0.08
178 0.69
279 0.5
279 0.1
279 0.21
88 11.02
111 0.84
279 0.27
5 0.55
279 0.16
74 0.82
279 0.25
41 0.54
279 0.43
180 0.69
279 0.11
279 0.43
219 2.42
279 0.18
279 0.13
279 0.11
279 0.12
279 0.43
157 1.01
279 0.36
279 0.45
279 0.14
279 0.14
279 0.11
279 0.16
279 0.1
279 0.2
85 0.72
279 0.31
279 0.46
279 0.33
279 0.16
260 0.53
279 0.19
279 0.09
279 0.34
279 0.17
279 0.29
279 0.08
279 0.25
7 0.84
279 0.36
279 0.38
279 0.08
279 0.19
279 0.2
279 0.45
279 0.28
239 2.01
54 1.79
146 0.75
279 0.14
