280 0
72 25.62
280 9.25
280 0.45
240 15.57
280 10.24
280 2.16
280 10.23
280 8.96
186 15.2
128 17.95
280 4.5
280 7.83
15 24.66
199 19.87
217 14.66
228 18.39
271 13.86
280 8.01
280 4.37
280 3.82
280 11.7
274 12.16
280 2.88
67 13.35
280 2.05
228 13.22
280 4.68
262 19.66
280 11.58
280 5.03
280 3.89
280 0.95
73 16.27
280 10.42
63 14.42
280 8.28
26 17.28
276 19.59
280 4.49
264 15.05
280 2.88
280 4.34
280 1.94
280 4.45
280 0.47
280 6.44
280 1.56
280 9.16
26 15.64
64 12.34
280 11.04
33 13.73
280 10.83
223 12.46
280 6.08
280 0.1
138 14.72
280 6.56
280 10.22
280 5.63
280 5.8
280 0.46
219 22.12
280 9.76
280 7.45
5 13.91
217 19.04
227 20.19
280 0.09
202 15.4
280 9.58
223 12.76
163 12.11
280 8.62
280 6.27
280 11.8
280 2.92
266 14.77
136 15.08
280 2.43
280 7.41
97 13.68
205 19.36
237 15.33
280 0
280 0.02
280 11.6
280 4.79
280 0.21
280 3.82
280 2.82
280 0.01
280 6.61
280 2.11
240 12.3
280 11.31
280 10.77
280 2.49
280 3.89
