177 17.79
280 0.87
234 20.53
280 9.03
280 3.65
63 17.4
225 14.7
279 24.81
280 9.16
280 6.03
280 0.38
280 11.69
62 13.59
280 11.37
280 4.75
10 32.27
239 13.64
147 22.64
193 12.82
210 14.25
79 32.06
99 23.43
280 1.81
280 9.6
251 22.7
280 1.16
127 24.63
64 75.88
280 9.48
280 9.82
271 12.38
280 7.4
280 6.01
280 6.67
263 17.27
280 9.06
203 15.64
211 22.39
53 12.3
280 4.19
280 1.62
66 15.92
280 1.58
275 14.12
280 11.39
217 12.77
280 5.6
109 14.52
280 3.22
280 7.55
129 21.92
280 5.36
280 4.77
10 21.04
33 14.87
45 31.96
280 6.32
280 3.3
280 9.89
280 1.08
280 0.46
280 4.43
225 16.51
247 12.18
280 8.94
176 15.01
64 19.74
138 17.84
14 18.94
171 13.34
280 11.09
179 27.86
139 18.92
220 12.93
280 1.02
280 5.69
151 14.79
280 9.14
280 0.02
280 2.05
2 23.32
186 15.42
280 0.39
280 11.88
280 2.23
280 4.37
18 13.98
198 13.03
280 9.5
280 2.85
225 13.86
280 3.71
280 11.7
229 13.26
149 14.99
160 12.68
162 15.16
7 12.8
240 12.02
247 18.49
