280 0
280 0
280 0
280 0.09
3 0.22
280 0
280 0
280 0
280 0
280 0
280 0
280 0.01
280 0
280 0
280 0
280 0
280 0
280 0
280 0
280 0
280 0
280 0
280 0
280 0
280 0.04
280 0
280 0
280 0
280 0
280 0
280 0.03
280 0
280 0
280 0.01
15 0.23
1 0.45
187 0.11
280 0
280 0
280 0
280 0
189 0.24
280 0
280 0
122 0.12
280 0
131 0.21
280 0
280 0
280 0
280 0
99 0.15
280 0
280 0.02
241 0.11
280 0
280 0
280 0
280 0
280 0
85 0.22
280 0.01
10 0.12
93 0.15
280 0
6 0.38
280 0
53 0.13
280 0
280 0
280 0
280 0
280 0
280 0
280 0
280 0
280 0
280 0.02
280 0
280 0
280 0
280 0
280 0
280 0.02
280 0
280 0.07
208 0.11
280 0
280 0
280 0
280 0
280 0
3 0.11
280 0
280 0
280 0
280 0.09
45 0.6
280 0.03
132 0.7
