19 0.15
2 0.61
140 0.14
64 0.22
280 0
280 0
45 0.12
163 0.19
16 0.27
163 0.24
280 0
280 0
280 0
66 0.16
44 0.34
195 0.22
280 0
204 0.34
77 0.14
31 0.18
12 0.12
108 0.3
280 0.06
1 0.16
26 0.53
178 0.2
2 0.19
280 0
56 0.17
36 0.14
1 0.32
22 0.11
280 0
61 0.24
10 0.21
280 0
1 0.11
1 0.13
273 0.12
280 0
1 0.3
20 0.24
280 0
54 0.13
87 0.27
280 0
3 0.15
28 0.11
5 0.11
106 0.3
14 0.11
280 0
27 0.68
79 0.54
1 0.16
12 0.29
37 0.29
280 0
2 0.26
280 0
280 0
113 0.13
79 0.11
101 0.13
280 0
157 0.22
83 0.22
280 0
6 0.12
107 0.17
280 0
236 0.16
11 0.16
280 0
40 0.12
280 0
280 0
280 0.02
11 0.38
70 0.26
280 0
1 0.23
42 0.71
68 0.16
109 0.16
90 0.12
4 0.25
280 0.02
1 0.43
280 0
280 0
74 0.11
9 0.15
280 0
280 0
7 0.47
23 0.17
280 0.04
280 0
169 0.11
