280 0
280 0
280 0
57 0.23
280 0
280 0
280 0
15 0.13
280 0
280 0
48 0.19
280 0
280 0
15 0.13
168 0.2
280 0
280 0
280 0
280 0
280 0
280 0.05
280 0
280 0
38 0.45
280 0
280 0.01
280 0
280 0
280 0
280 0
280 0
280 0
280 0
280 0
280 0
280 0.01
280 0
280 0
280 0
280 0
280 0
280 0
280 0
280 0
280 0
280 0
280 0
280 0
280 0
280 0
109 0.17
280 0
280 0
280 0
280 0.01
280 0
280 0
280 0
280 0
15 0.2
280 0
280 0
167 0.12
280 0
280 0
280 0
280 0
280 0
117 0.18
280 0
280 0
280 0
280 0
280 0
280 0
159 0.18
280 0
280 0
280 0
280 0
45 0.13
280 0
280 0
280 0
280 0
280 0
280 0
280 0
280 0
280 0
280 0
179 0.27
280 0
123 0.12
280 0
269 0.13
280 0
9 0.14
61 0.11
280 0
