280 0
65 0.21
280 0.32
280 0
186 0.11
264 0.64
207 0.14
33 0.26
46 0.12
280 0
280 0
280 0
280 0
280 0
280 0
280 0
280 0
280 0
280 0
280 0
280 0
280 0.05
280 0
280 0
280 0
2 0.36
280 0
280 0
280 0
280 0
1 0.11
280 0
280 0
280 0
280 0
280 0
280 0
280 0
280 0
280 0
280 0
280 0
33 0.18
84 0.15
280 0
280 0
280 0
280 0
280 0.04
280 0
164 0.33
280 0
8 0.2
280 0
280 0
280 0
280 0
280 0
139 0.36
280 0
280 0
280 0
147 0.15
280 0.07
280 0
1 0.47
140 0.11
280 0
280 0
61 0.22
280 0
280 0
131 0.12
280 0
280 0.01
280 0
280 0
280 0
280 0
178 0.71
280 0
280 0.03
280 0
280 0
280 0
280 0
128 0.15
280 0.03
204 0.52
280 0
280 0
280 0.01
181 0.19
280 0
280 0.02
280 0.01
280 0
280 0
280 0
219 0.11
