279 2.56
279 5.37
279 3.37
279 7.72
279 2.57
279 3.55
279 7.79
279 2.19
279 7.79
279 4.94
272 20.06
279 5.69
279 5.16
279 6.71
279 5.02
279 4.34
279 6.06
279 4.11
163 16.69
279 4.98
279 2.52
190 14.25
279 6.05
279 7.24
279 6.23
279 4.85
279 5.43
279 2.94
279 11
279 4.24
279 9.36
279 3.44
279 8.16
279 3.8
279 9.83
279 11.94
279 9.08
279 11.97
279 4.99
279 10.04
279 3.62
279 3.01
279 5.36
244 15.41
215 14.13
279 8.71
279 5.83
279 3.25
279 6.98
279 11.35
279 11.17
279 3.36
279 11.31
279 3.44
279 5.88
38 12.46
279 6.95
279 5.34
279 4.62
279 8.72
279 5.33
8 13.17
279 7.89
279 10.02
279 8.69
279 4.9
279 5.76
279 6.73
279 5.85
279 3.46
279 2.44
279 6.98
279 5.09
279 5.61
279 1.58
138 16.53
279 6.67
279 8.42
279 6.25
279 6.91
279 5.41
279 3.32
279 8.38
279 5.01
142 14.07
279 8.64
279 4.6
279 4
279 10.42
279 8.01
279 5.87
279 3.49
279 4.74
279 8.92
279 2.54
279 3.41
279 6.82
279 10.01
279 10.03
189 13.2
