279 4.95
279 0.08
279 1.89
279 0.04
279 1.7
279 0.19
279 7.03
279 0.3
279 0.93
279 0.04
279 0.01
279 1.05
279 1.1
279 0.18
279 0.06
279 0.11
279 4.23
279 2.17
279 1.22
279 1.47
279 0.38
279 0.74
279 0.22
279 1.45
279 4.11
279 7.16
279 0.81
279 0.48
279 2.96
279 1
279 2.5
279 0.02
279 7.39
279 1.37
279 2.83
279 0.01
279 0.01
279 0.02
279 6.19
279 0.51
279 0.06
279 0.02
279 0.09
279 0.04
279 1.15
279 6.8
279 0.54
279 6.85
279 1.91
279 0.01
279 1.36
279 0.11
279 0.89
279 0.12
279 0.32
279 0.61
279 0.12
279 0.93
279 0
279 2.24
279 3.61
279 0.14
279 4.86
279 5.07
279 1.47
279 8.14
279 9.18
279 3.72
279 0.1
279 0.24
279 0.2
279 2.85
279 0.21
279 0.39
279 0.34
279 3.94
279 0.05
279 0.03
279 1.01
279 6.21
279 0.55
279 0.24
279 0
279 0.08
279 1.23
279 7.12
265 23.67
279 1.41
279 0.13
279 0.26
279 6.59
279 1.45
279 1.35
279 1.54
279 4.7
279 0.31
279 0.85
279 0.26
279 4.84
279 1.96
