280 8.17
280 4.45
280 0.61
280 3.72
280 0.48
280 0.15
216 20.19
280 0.01
280 2.05
139 15.14
108 14.52
104 13.55
158 12.56
159 12.25
221 12.88
201 13.88
104 19.25
280 4.55
280 0.5
79 14.4
280 7.17
155 14.32
280 4.75
280 9.22
280 6.75
280 11.04
280 8.98
280 6.64
152 12.45
280 10.13
199 17.41
280 8.88
280 3.06
92 16.92
280 9.96
215 13.31
177 15.17
280 11.95
280 6.9
227 13.45
280 1.69
124 17.14
280 2.37
280 0.05
280 7.49
280 9.54
280 0.37
280 10.97
219 19.75
83 13.53
280 0.74
280 1.69
280 5.61
70 17.57
43 12.04
157 14.55
280 3.24
280 3.65
280 9.44
280 1.14
280 6.67
280 2.18
161 18.32
249 15.65
89 12.25
280 0.06
280 10.22
280 10.74
280 11.33
280 10.82
197 16.88
238 13.21
207 13.03
280 7.43
123 14.06
280 1.42
280 1.25
146 17.64
280 1.81
280 10.61
242 15.59
280 5.66
280 8.31
117 12.21
89 17.96
280 7.77
17 13.56
65 13.38
108 14.05
280 6.02
19 12.59
280 0.78
280 7.18
280 4.56
280 11.26
280 1.45
280 6.06
280 5.36
155 13.45
280 3.5
