90 0.25
106 0.14
136 0.12
67 0.17
257 0.11
280 0
44 0.28
280 0
68 0.18
1 0.23
280 0
32 0.11
280 0.05
18 0.11
280 0
280 0
78 0.31
173 0.12
280 0
280 0
197 0.12
27 0.12
280 0
280 0
173 0.13
280 0
98 0.33
280 0
280 0
6 0.11
280 0
31 0.44
280 0.02
79 0.2
280 0
280 0
126 0.86
93 0.59
18 0.12
280 0
95 0.2
33 0.27
14 0.18
280 0
56 0.11
1 0.11
280 0
280 0
96 0.18
45 0.13
280 0
73 0.17
144 0.13
280 0
35 0.14
280 0
27 0.57
280 0
280 0
215 0.13
189 0.23
43 0.29
280 0.08
167 0.31
60 0.11
78 0.19
219 0.12
157 0.11
70 0.33
280 0
280 0
87 0.31
280 0
85 0.23
202 0.24
280 0
2 0.6
64 0.11
23 0.33
16 0.3
20 0.59
280 0
108 0.34
116 0.57
166 0.11
280 0
98 0.11
73 0.11
1 0.47
280 0
22 0.16
17 0.11
29 0.38
79 0.11
280 0
246 0.23
280 0
280 0
88 0.14
1 0.13
