279 10.61
279 0.24
279 1.69
279 0.07
279 5.85
279 1.68
279 2.54
279 0.09
279 4.99
279 0.51
279 2.84
279 0.16
279 0.01
279 0.79
279 2.25
279 0.58
279 0.01
279 0.54
279 0
279 0.02
279 0.41
279 1.47
279 0
279 2.94
279 0.06
279 0.71
279 1.02
279 0.07
279 8.94
279 4.87
279 0.12
279 4.55
279 6.22
279 0.01
279 0.08
279 0.08
279 0.06
279 0
279 2.19
279 3.76
279 2.19
279 0.18
279 0.23
279 3.07
279 0.02
279 0
279 9.56
279 0.24
279 1.39
279 3.42
279 0.24
279 3.2
279 2.98
279 0.14
279 1.54
279 0.87
279 0.49
279 0.14
279 2.97
279 0.08
279 0.08
279 5.81
279 0.65
279 0.01
279 1
279 0.12
279 1.35
279 0.01
279 0.08
279 5.84
279 0.11
279 0.38
279 0.28
279 1.18
279 0.09
279 11.49
279 4.06
279 0.01
279 0.56
279 4.25
279 1.74
279 10.66
279 0.02
279 0
279 0.01
279 2.31
279 0.48
279 0.05
279 0.25
279 4.97
279 0.01
279 0.18
279 9.06
279 0.27
279 0.27
279 0.99
279 2.09
279 0.01
279 0.02
279 0.55
