279 0.02
279 0.09
279 0.08
279 0.04
279 0.09
165 0.18
279 0.02
279 0.02
279 0.07
279 0.05
279 0.03
279 0.06
279 0.08
279 0.05
279 0.02
279 0.06
279 0.03
162 1.09
279 0.02
279 0.05
15 0.32
279 0.09
279 0.08
6 0.3
279 0.05
279 0.02
279 0.1
279 0.05
279 0.07
279 0.02
279 0.04
279 0.03
279 0.03
146 0.12
279 0.05
279 0.02
279 0.03
77 0.22
279 0.03
279 0.02
279 0.04
279 0.05
5 0.17
279 0.08
279 0.02
279 0.03
279 0.03
239 0.11
279 0.09
279 0.04
279 0.07
198 0.16
163 0.12
279 0.08
279 0.02
279 0.07
279 0.07
279 0.06
279 0.02
279 0.07
279 0.08
279 0.04
279 0.04
82 0.17
170 0.12
63 0.12
13 0.11
279 0.09
279 0.04
279 0.06
279 0.04
279 0.02
279 0.03
279 0.02
279 0.02
155 0.15
279 0.1
279 0.01
279 0.03
279 0.03
279 0.02
279 0.06
279 0.03
279 0.09
171 0.11
279 0.06
279 0.02
279 0.02
279 0.05
279 0.07
279 0.05
176 0.11
279 0.04
265 0.11
68 0.13
135 0.12
279 0.01
279 0.08
279 0.06
279 0.07
