280 0
280 0
280 0
102 1.63
280 0
280 0
280 0
280 0
280 0
280 0
56 0.66
61 0.59
280 0
259 0.83
280 0
280 0
280 0
280 0
280 0
280 0
174 0.61
280 0.05
280 0
280 0
280 0
280 0.01
280 0
62 0.99
280 0
280 0.28
280 0
280 0
280 0
280 0
280 0.01
280 0
280 0
280 0.03
280 0
280 0
37 0.57
280 0
280 0
280 0
112 0.65
280 0
280 0
1 0.59
280 0
280 0
14 0.58
280 0.1
6 0.81
280 0
280 0
280 0.01
280 0
280 0
86 0.6
280 0.14
280 0.02
280 0
280 0
280 0
280 0.02
280 0
280 0.03
280 0.01
280 0
29 0.61
280 0.01
172 0.71
280 0
246 0.57
280 0
280 0
280 0
280 0
280 0
280 0
280 0
280 0
280 0
280 0
280 0
280 0
105 0.53
280 0
280 0
280 0
1 0.7
181 0.63
1 0.66
95 0.82
74 1.4
280 0
35 0.56
280 0
280 0
280 0
