129 0.17
87 0.82
11 0.34
279 0.03
279 0.09
21 0.13
41 0.12
58 0.13
46 0.12
23 0.17
36 0.4
144 0.19
31 0.21
106 0.14
279 0.07
54 0.14
57 0.11
0 0.19
279 0.06
66 0.15
23 0.17
279 0.09
82 0.17
119 0.27
50 0.12
279 0.04
47 1.14
60 0.11
28 0.15
46 0.25
30 0.12
137 0.19
94 0.11
279 0.05
44 0.11
182 0.73
36 0.31
18 0.21
18 0.15
61 0.17
34 0.22
140 0.14
132 0.11
167 0.6
20 0.12
66 0.14
91 0.31
279 0.07
116 0.13
100 0.26
54 0.69
148 0.11
32 0.15
99 0.2
191 0.24
73 0.11
138 0.34
108 0.21
52 0.13
78 0.2
46 0.22
12 0.17
47 0.12
25 0.2
161 0.34
37 0.13
0 0.68
140 0.16
36 0.13
279 0.08
90 0.11
132 0.14
279 0.05
279 0.07
72 0.16
37 0.56
23 0.24
10 0.21
52 0.27
5 0.21
85 0.12
65 0.12
80 0.43
194 0.17
85 0.14
215 0.52
279 0.08
5 0.14
23 0.17
114 0.11
82 0.11
279 0.07
41 0.36
2 0.17
98 0.11
15 0.35
279 0.07
8 0.42
191 0.12
279 0.08
