279 0.07
279 0.03
279 0.03
279 0.01
279 0
279 0.01
185 0.12
279 0.09
0 0.25
269 0.16
279 0.07
279 0.04
279 0.07
279 0.1
279 0
279 0.01
160 0.22
279 0.06
279 0.01
279 0.03
279 0.01
279 0
279 0
279 0.01
279 0
137 0.16
279 0
279 0.02
279 0.02
0 0.77
279 0.02
279 0.09
279 0.03
94 0.18
279 0
279 0.01
231 0.2
277 0.48
279 0.05
28 0.3
279 0.03
114 0.16
279 0.01
279 0.01
234 0.37
279 0
279 0.04
279 0.02
0 0.48
279 0
279 0.01
279 0.04
279 0.04
279 0
279 0
0 0.23
279 0.02
279 0.03
279 0.01
0 0.11
279 0.01
279 0.03
279 0.02
279 0.02
279 0.01
279 0.01
279 0.02
279 0.04
162 0.31
279 0.08
279 0.02
279 0.02
279 0.01
279 0.04
279 0
279 0.02
279 0.02
279 0.07
279 0.02
279 0.01
27 0.13
279 0
279 0.02
279 0.05
0 0.25
0 0.12
279 0.02
279 0.04
279 0.06
279 0.07
279 0.06
279 0.01
279 0.03
279 0.01
279 0.09
279 0.06
279 0.04
279 0.02
279 0.02
279 0
