280 0
280 0
280 0
280 0
280 0
1 0.11
280 0
280 0
23 0.25
2 0.21
280 0
280 0
280 0
280 0
11 0.17
280 0
280 0
280 0.01
111 0.19
280 0
280 0
280 0
2 0.15
280 0
280 0
280 0
280 0
280 0.06
280 0.02
111 0.14
280 0
280 0
280 0
280 0
280 0
280 0
280 0
280 0
280 0
259 0.12
116 0.14
280 0
280 0
28 0.33
280 0
280 0
280 0
280 0
280 0
280 0
280 0
280 0
108 0.24
280 0
280 0
280 0.05
280 0
280 0
280 0
280 0
280 0
197 0.3
280 0
280 0.01
280 0
280 0
280 0
280 0
9 0.37
113 0.38
280 0
280 0
280 0
280 0
280 0
280 0
280 0
280 0
280 0
280 0
280 0
280 0
216 0.26
280 0.02
280 0
280 0
280 0.01
243 0.11
280 0
280 0
280 0
280 0
280 0
280 0
280 0
280 0
280 0
280 0
280 0
280 0
