279 0
279 0
279 0
279 0
279 0
279 0
279 0
279 0
279 0
279 0
279 0
279 0
279 0
279 0
279 0
279 0
279 0
279 0
279 0
279 0.02
279 0
279 0
279 0
279 0
279 0
279 0.01
279 0
279 0
279 0
279 0
279 0
279 0
279 0
279 0
279 0
279 0
279 0
279 0
279 0
279 0
279 0
279 0
279 0
279 0
279 0
279 0
279 0
279 0
279 0
279 0
279 0
279 0
279 0
279 0
279 0
279 0
279 0
279 0
279 0
279 0
279 0
279 0
279 0
279 0
279 0
279 0
279 0
279 0
279 0
279 0
279 0
279 0
279 0
279 0
279 0
279 0
279 0
279 0
279 0
279 0
279 0
279 0
279 0
279 0
279 0
279 0
279 0
279 0
279 0
279 0
279 0
279 0
279 0
279 0
279 0
279 0
279 0
279 0
279 0
279 0
