280 0
280 0
280 0
280 0
280 0
280 0
280 0
280 0
253 0.11
134 0.16
262 0.21
187 0.18
280 0
29 0.13
280 0
280 0.02
280 0
280 0
280 0
280 0
280 0
280 0
280 0.01
280 0
280 0
3 0.14
280 0
280 0
247 0.14
280 0
236 0.15
280 0
280 0
280 0
280 0
280 0
25 0.15
280 0
280 0
280 0
280 0
280 0
280 0
280 0
280 0
280 0
280 0
65 0.27
280 0
280 0
280 0
280 0.01
65 0.14
280 0
280 0.02
280 0
152 0.39
280 0
280 0
280 0
280 0
280 0
280 0
280 0
280 0
280 0
280 0
280 0
280 0
280 0
280 0
280 0
280 0
280 0
280 0
280 0
280 0
280 0
228 0.86
280 0
280 0
203 0.24
280 0
280 0
280 0
280 0
280 0
280 0
280 0
280 0
280 0
280 0
280 0
280 0
264 0.11
280 0.02
280 0
280 0
280 0
280 0
