279 0
279 0
279 0
279 0
279 0
279 0.01
279 0
279 0
279 0.01
279 0.01
279 0.04
279 0
279 0.02
279 0
279 0.01
279 0
279 0
279 0
279 0.02
279 0.01
279 0
279 0.1
279 0.01
279 0
279 0
279 0
279 0
279 0.01
279 0
279 0.02
279 0.02
279 0
279 0
279 0.03
279 0
279 0
279 0.01
279 0
279 0
279 0
279 0.02
279 0
279 0
279 0.01
279 0
279 0
279 0
279 0
279 0
279 0
279 0
279 0.02
279 0
279 0.03
279 0
279 0
279 0
279 0.01
279 0
279 0.01
279 0
279 0.01
279 0
279 0.01
279 0
279 0.01
279 0
279 0
279 0
79 1.17
279 0
279 0
279 0
279 0
279 0
279 0
279 0.01
279 0.08
279 0.18
279 0
279 0
279 0
279 0
279 0
279 0
279 0.08
279 0
279 0
279 0.01
279 0
279 0
279 0
279 0
279 0
279 0
279 0
279 0.41
279 0.02
279 0.01
279 0
