280 8.25
280 8.9
280 0.81
184 15.97
280 0.98
280 11.98
280 0
280 4.67
280 11.6
120 20.19
280 5.51
133 13.88
236 12.11
149 21.9
280 0.35
139 14.98
253 15.25
106 14.33
171 14.93
58 31.38
280 7.62
280 11.22
71 12.11
231 14.6
280 0
253 14.99
280 4.27
232 22.56
280 11.97
280 2.12
280 0.85
64 23.49
280 7.69
280 0.3
117 12.56
197 12.44
198 15.79
280 9.16
280 8.12
280 3.02
280 2.07
280 10.35
280 6.51
280 2.87
168 13.2
222 19.09
280 7.32
263 12.17
280 0
277 12.14
280 10.69
280 9.44
280 5.73
280 10.82
280 9.81
110 17.27
224 16.67
76 16.02
280 4.86
47 14.88
280 0.58
280 5.28
262 15.68
280 3.14
280 0.02
280 4.54
138 16.25
280 4.72
280 5.38
264 16.3
280 8.3
280 4.63
280 5.99
215 17.15
199 18.98
280 9.02
280 2.96
172 14.31
88 14.5
280 6.01
190 18.54
55 12.15
280 10.97
280 6.67
280 10.67
1 12.04
280 3.27
280 8.45
280 5.32
280 1.16
255 17.28
280 6.9
203 13.03
280 5.36
174 20.43
280 3.54
131 12.88
140 16.37
280 8.34
280 8.96
188 21.48
272 25.11
280 4.59
114 17.4
280 5.98
280 8.55
176 16.49
73 14.24
280 3.59
195 21.37
280 6.81
265 22.35
202 12.63
54 14.18
33 14.52
280 4.28
280 8.61
280 11.83
280 6.31
280 5.46
280 0
164 15.88
253 13.7
280 0
280 8.02
197 13.69
280 6.72
280 0.03
280 1.21
200 12.14
280 0
139 12.68
280 2.48
280 3.38
280 8.94
280 8.2
213 17.33
280 0.59
254 14.08
280 2.23
280 1.79
108 12.82
280 0
280 6.66
280 0.7
280 10.83
143 26.02
229 27.07
280 0.53
226 17.56
236 14.18
280 11.47
280 6.34
280 4.67
124 12.07
280 3.3
280 5.33
109 21.43
280 4.4
280 0.05
280 1.69
280 10.7
280 11.06
50 13.54
280 8.69
280 8.32
95 15.81
131 20.06
280 4.08
280 0.27
182 46.93
280 4
96 13.78
134 21.2
205 15.34
280 6.96
181 14.08
153 15.22
280 9.43
270 12.49
131 23.32
280 10.75
280 1.85
280 4.3
167 13.58
110 18.34
280 10.81
255 15.12
117 22.58
274 19.74
66 15.17
247 13.59
280 10.54
106 14.91
280 8.3
233 12.12
228 13.33
280 11.87
254 20.24
274 13.48
280 10.92
280 0.09
207 21.86
280 2.87
143 13.65
47 12.6
280 10.22
280 1.38
109 14.11
280 6.21
280 7.11
280 0
280 4.93
280 6.37
280 8.07
280 0.83
280 2
280 0.37
73 13.66
280 9.12
280 8.32
196 30.07
280 3.84
61 13.41
74 12.47
280 5.15
280 7.27
81 13.73
280 10.62
158 13.38
280 0
280 2.37
128 16.4
280 0.03
212 16.89
280 3.61
280 6.4
116 12.3
156 12.15
280 8.23
280 0.99
280 6.75
95 15.05
221 16.01
130 15.63
280 0.66
183 27.08
237 21.25
280 1.33
94 14.85
280 10.46
68 16.36
257 16.6
280 6.13
280 1.06
280 10.1
280 0.87
247 16.39
280 5.47
174 15.57
280 3.75
280 5.93
280 6.29
280 0
280 8.49
280 7.29
280 2.33
49 12.62
280 11.95
267 14.5
280 9.4
280 0
280 0.99
71 13.66
280 0.28
194 17.39
222 12.49
280 0.23
131 18.65
280 0
36 19.23
272 24.5
163 15.36
136 17.69
280 8.18
176 12.22
101 13.92
125 13.75
200 15.73
161 13.29
144 20.35
61 12.5
251 17.88
280 9.07
280 5.18
280 2.88
280 9.18
237 16.79
41 15.12
280 10.13
