280 1.63
229 19.53
181 12.61
63 15.01
280 4.27
280 0.6
233 12.72
196 20.24
280 4.39
280 0.64
202 13.05
280 8.07
204 12.45
205 15.65
280 4.99
67 18.2
180 30.57
280 8.83
280 8.55
280 11.38
280 5.65
11 16.1
280 6.51
280 8.47
280 8.83
280 11.03
202 19.58
153 18.31
280 3.38
280 6.37
280 6.21
93 13.47
280 2.65
209 12.33
74 14.36
89 15.08
280 8.88
280 1.21
109 12.8
152 15.21
280 3.85
280 2.31
247 15.42
249 17.26
280 7.61
275 18.53
280 11.7
153 24.67
65 12.64
280 1.15
280 1.63
280 3.72
280 6.71
139 14.71
143 13.83
143 12.4
149 12.22
280 4.96
280 10.34
81 17.11
280 11.76
280 5.99
60 14.38
280 9.53
280 9.73
280 4.17
280 2.89
280 0.02
280 2.09
280 5.62
269 15.1
148 14.09
255 21.61
280 5.69
63 16.75
280 4.85
280 9.2
280 8.91
280 10.34
280 10.92
280 0.13
280 6.72
280 9.59
280 7.76
280 8.36
280 0.28
202 25.72
229 15.51
161 13.81
240 12.19
35 20.48
280 4.78
129 17.82
128 16.5
280 5.84
69 14.31
113 13.25
192 12.7
280 8.46
280 2.99
280 10.29
167 14.35
146 16.71
168 13.04
280 2.58
280 8.27
280 4.01
280 9.19
280 10.38
45 13.3
280 2.18
280 2.09
280 5.95
280 6.47
280 7.72
280 2.34
280 4.46
280 4.61
280 0.17
187 15.26
280 10.24
280 4.92
280 0.02
280 1.13
86 20.98
1 18.04
280 2.91
262 12.43
280 6.19
280 9.36
280 3.67
280 7.72
280 1.95
280 7.51
280 2.24
280 10.45
222 12.75
280 2.8
280 0.57
108 25.3
280 6.7
280 2.72
143 16.87
51 12.29
280 1.01
280 0.72
280 5.06
177 12.32
280 0.01
280 1.98
280 8.66
280 0.76
280 0.12
260 12.93
280 8.91
237 14.86
223 18.71
208 14.54
280 2.06
217 16.43
280 0
280 2.48
40 18.05
153 15.44
280 3.31
109 21.5
45 15.3
280 4.66
280 0
280 10.7
245 19.31
280 1.68
98 18.35
280 4.71
280 3.25
280 0.51
280 8.6
280 0.08
212 14.52
280 7.23
280 0
262 16.34
256 18.71
136 13.24
280 1.84
280 0.12
280 2.6
68 13.83
280 3.79
78 12.9
280 8.94
172 19.52
280 10.88
280 1.38
280 4.39
280 7.73
180 15.97
165 12.97
280 0.2
95 28.83
280 9.77
280 3.65
280 0.07
280 11.91
255 14.54
280 11.47
33 15.88
280 4.59
280 1.92
255 13.38
280 11.81
280 2.54
280 2.44
280 7
280 6.49
91 17.38
280 10.59
280 7.87
280 8.59
280 0.27
238 14.37
280 11.84
280 0.52
280 0.84
56 23.25
280 9.96
54 14.03
234 15.74
280 10.59
254 15.68
280 8.4
108 13.21
280 1.58
132 13.16
280 2.22
280 7.28
165 14.87
280 9.51
200 16.29
280 3.94
280 3.17
95 16.44
3 13.39
280 8.79
280 0.05
280 11.96
123 18.28
22 14.42
67 13.31
125 12.97
280 8.52
280 9.41
280 3.06
280 6.7
56 12.48
280 3.59
16 21.32
259 13.51
280 10.75
280 9.84
279 13.64
229 12.86
280 5.83
268 27.03
3 19.57
280 4.65
280 7.57
280 5.69
122 21.64
22 14.38
155 16.48
280 0.02
280 0.75
83 13.5
280 10.79
208 14.41
280 2.6
280 0
102 13.85
280 10.55
280 3.52
235 12.31
180 17.84
236 20.31
280 4.13
280 1.74
280 0.58
280 10.52
280 0.14
280 0.19
36 15.87
280 9.4
153 12.92
280 0.26
280 4.71
117 12.49
108 14.03
280 7.11
280 5.77
225 12.4
