280 5.26
280 0.79
280 6.14
66 42.37
44 13.55
258 13.83
203 14.84
274 13.07
280 8.56
280 5.86
280 8.11
280 4.4
280 9.04
280 1.12
280 0.57
280 0
215 12.09
144 13.22
280 0
280 2.96
210 14.23
280 1.17
136 13.88
198 13.01
105 15.29
280 8.82
145 14.45
280 9.01
280 6.52
280 2.81
280 0
56 15.26
280 0.09
280 4.61
134 32.9
184 14.7
159 40.05
87 13.33
280 6.43
280 7.04
280 10.05
122 12.7
280 3.29
237 15.24
53 14.25
280 0.02
280 6.16
259 43.81
280 6.32
280 11.81
280 7.47
280 3.74
208 14
14 26.33
280 4.82
280 0.9
280 11.7
280 3.99
280 8.12
141 13.4
78 14.26
280 8.3
129 14.67
280 0
260 14.44
221 12.81
280 2.77
161 18.36
280 11.56
280 2.11
181 23.47
280 10.03
280 5.86
280 11.52
280 8.45
280 9.94
280 3.63
241 12.84
280 5.41
280 11.23
280 3.1
280 11.1
280 10.52
280 1.55
280 2.93
280 1.62
280 0.01
39 12.43
220 13.49
280 9.94
280 0.15
280 10.68
174 13.49
280 0.71
280 11.57
280 0.5
280 9.67
255 13.37
237 17.83
280 2.49
280 7.23
280 5.23
58 14.22
87 22.11
280 1.2
280 3.64
280 8.28
229 12.56
280 0.51
280 7.7
280 0.06
280 8.51
280 0
196 16.3
216 21.13
20 18.01
280 9.64
101 12.38
280 0.94
280 8.14
280 6.4
280 1.82
280 6.45
280 7.42
203 16.07
280 6.73
41 22.13
225 14.85
280 1.63
280 5.4
131 24.97
280 10.57
280 0.62
175 15.24
280 3.6
280 9.53
280 1.37
280 10.82
14 14.59
280 10.41
280 7.46
198 23.63
280 5.5
51 13.11
280 7.57
280 9.6
280 9.06
280 4.19
189 14.24
95 14.4
280 8.88
13 22.18
280 9.29
24 19.87
54 28.33
36 12.25
280 0.54
76 18.17
280 10.49
280 6.05
280 10.55
141 13.47
280 5.05
280 7.64
280 5.25
198 24.94
280 0.13
205 14.46
193 20.63
26 12.11
110 12.08
280 10.99
49 28.19
280 11.6
280 9.15
256 16
280 4.8
150 12.08
251 15.46
223 15.14
280 11
38 12.5
280 10.15
280 4.53
280 11.63
158 12.1
280 5.41
280 6.13
280 4.54
197 12.93
280 6.78
227 12.74
280 6.55
280 2.16
208 13.82
239 20.89
280 9.66
280 0.01
280 8.68
280 9.84
73 14.33
280 8.59
280 10.62
280 10.03
280 5.93
280 1.66
280 11.31
280 1.16
72 12.44
280 8.43
280 3.95
280 1.35
184 29.65
280 7.53
280 1.6
129 14.26
280 1.07
62 14.6
130 13.2
280 5.29
280 5.75
280 0.69
67 21.4
129 21.92
244 21.6
90 17.24
253 30.12
229 14.22
280 8.74
125 13.06
280 5.19
280 1.75
280 6.71
280 11.3
280 10.22
280 4.69
280 5.3
280 8.01
280 3.26
280 7.21
280 1.57
280 8.73
280 8.85
132 22.64
280 7.92
135 17.98
218 12.57
109 16.43
280 6.64
280 11.56
280 6.29
83 13.2
280 11.11
280 3.67
79 21.63
280 7.71
280 8.77
265 13.58
280 9.74
277 13.65
280 11.07
190 17.33
105 14.16
280 9.42
280 7.25
111 16.42
280 0.02
280 8.38
199 15.45
280 9.21
260 12.24
201 13.02
142 20.9
140 12.54
280 6.34
164 16.61
280 2.25
187 40.08
54 12.69
17 16.05
280 9.16
280 7.12
280 3.53
280 1.37
280 2.59
42 17.53
280 6.07
280 2.42
104 18.27
280 8.81
280 0.16
105 14.33
236 20.05
17 13.13
280 1.16
280 9.63
92 14.42
280 8.86
280 6.6
23 29.96
