279 42.14
279 24.64
279 34.58
279 18.33
279 20.75
279 21.92
279 25.57
279 47.42
53 61.78
279 49.95
279 37.21
279 31.69
279 53.53
279 33.7
279 42.53
279 29.26
279 46.62
279 45.87
279 39.27
279 29.61
279 35.11
279 44.48
279 42.25
279 28.82
279 24.56
279 47.42
279 39.24
279 29.73
199 61.16
279 53.72
155 60.83
279 35.42
279 39.99
279 45.43
279 58.36
140 65.75
279 31.79
279 22.6
279 32.44
279 48.41
279 32.83
279 34.68
279 36.68
279 58.56
279 45.03
264 66.05
279 34.65
279 34.42
279 47.07
279 29.04
279 30.11
279 49.83
279 58.61
279 22.94
279 58.31
279 36.28
279 36.75
279 22.3
279 42.86
279 40.79
279 55.83
40 68.22
279 43.67
279 42.45
279 32.86
279 33.2
279 24.63
279 46.21
279 24.31
279 35.62
279 34.74
279 40.75
279 34.95
279 24.62
279 41.38
279 34.11
279 32.74
279 27.55
279 56.22
279 23.49
279 56.88
279 27.84
279 31.48
279 29.48
279 43.47
279 39.46
279 30.91
85 62.2
279 50.44
279 57.26
279 48.47
279 35.9
279 37.34
279 51.28
279 56.76
279 33.78
279 32.77
279 27.13
279 40.05
279 34.89
279 55.92
279 44.1
279 52.96
279 46.71
279 43.47
279 40.43
279 40.04
162 60.46
279 31.69
279 32.96
279 39.84
279 23.9
279 50.43
279 44.76
279 45.33
279 35.17
279 42.2
279 31.98
279 40.3
279 34.89
279 23.03
279 43.11
279 28.19
279 40.91
279 28.32
279 29.32
279 35.43
279 52.19
279 36.59
279 30.06
279 44.49
279 27.23
279 44.24
279 33.95
279 36.88
279 40.62
279 34.35
279 27.11
279 41.31
169 60.38
279 47.39
279 28.64
279 41.23
279 34.21
279 57.43
279 43.91
279 48.17
279 41.2
279 28.14
279 28.38
279 45.69
279 51.26
279 53.26
279 35.16
279 34.24
279 35.58
279 36.29
279 25.17
279 21.88
279 28.81
279 31.98
279 33.64
279 39.53
279 20.98
279 42.25
99 63.17
279 35.21
264 66.47
279 26.94
279 51.32
279 24.3
279 35.28
279 33.27
279 26.11
279 33.86
279 39.74
279 37.21
279 26.78
279 35.19
279 13.51
279 33.09
279 44.81
279 32.63
279 36.77
279 31.08
279 24.54
279 30.19
279 35.09
279 38.06
279 39.45
279 46.8
279 33.88
279 24.23
119 73.4
279 20.88
279 35.52
279 30.51
279 28.67
279 21.14
279 23.57
279 22.93
279 49.78
279 22.08
279 35.52
279 41.33
279 49.32
279 35.24
279 36.86
279 39.22
279 25.19
279 54.18
279 38.37
279 44.89
279 33.78
279 24.67
279 49.13
279 46.46
279 22.12
279 28.06
279 42.13
279 39.13
279 30.91
279 27.15
279 46.16
279 59.92
279 25.4
279 43.67
279 31.15
279 32.77
279 28.75
279 56.34
279 39.36
279 35.45
279 34.6
279 28.79
279 31.43
279 39.45
279 30.69
279 32.32
279 34.1
279 22.82
279 36.56
279 41.26
240 62.69
279 33.75
279 32.53
279 48.23
279 33.19
279 31.48
279 39.45
279 33.34
266 60.09
279 43.96
279 36.19
279 31.09
279 28.89
279 30.52
279 54.23
279 40.26
25 67.07
279 39.98
279 44.72
279 38.34
279 34.29
279 48.39
279 43.27
279 35.82
279 41.15
279 32.48
211 74.3
279 38.13
279 31.39
279 32.91
279 22.97
279 44.88
279 24.46
279 50.84
279 41.93
279 31.52
279 30.18
279 26.48
279 23.91
279 31.78
279 30.08
279 20.24
279 32.08
279 42.17
279 21.24
279 47.66
217 75.24
189 85.92
279 27.57
279 25.02
279 35.27
279 41.04
279 31.59
279 40.39
279 53.04
279 36.3
279 40.92
