0 100
0 100
0 100
0 100
0 100
33 100
0 100
6 100
12 100
0 100
0 100
38 100
10 100
0 100
0 100
0 100
42 100
8 100
0 100
0 100
0 100
0 100
10 100
5 100
21 100
6 100
0 100
0 100
0 100
23 100
0 100
75 100
1 100
0 100
48 100
0 100
0 100
95 100
79 100
0 100
0 100
0 100
0 100
0 100
3 100
49 100
0 100
5 100
2 100
0 100
0 100
0 100
59 100
57 100
0 100
2 100
4 100
0 100
0 100
0 100
6 100
0 100
0 100
1 100
0 100
20 100
0 100
0 100
73 100
39 100
24 100
0 100
28 100
0 100
0 100
0 100
40 100
24 100
23 100
38 100
4 100
0 100
0 100
21 100
0 100
0 100
0 100
23 100
11 100
0 100
16 100
28 100
19 100
7 100
0 100
57 100
0 100
0 100
0 100
0 100
49 100
23 100
35 100
56 100
28 100
0 100
0 100
0 100
55 100
0 100
58 100
27 100
0 100
83 100
35 100
13 100
18 100
0 100
94 100
0 100
4 100
62 100
0 100
34 100
0 100
66 100
0 100
0 100
21 100
0 100
35 100
0 100
17 100
11 100
0 100
14 100
21 100
99 100
45 100
82 100
61 100
0 100
20 100
0 100
80 100
0 100
0 100
0 100
40 100
0 100
0 100
17 100
0 100
67 100
0 100
3 100
0 100
0 100
68 100
0 100
0 100
13 100
0 100
22 100
0 100
49 100
29 100
26 100
12 100
0 100
1 100
70 100
0 100
122 100
0 100
0 100
0 100
44 100
0 100
0 100
0 100
0 100
0 100
0 100
137 100
0 100
172 100
27 100
0 100
13 100
3 100
0 100
0 100
0 100
35 100
0 100
0 100
8 100
0 100
20 100
0 100
12 100
0 100
4 100
48 100
0 100
9 100
0 100
89 100
15 100
0 100
82 100
40 100
5 100
43 100
0 100
9 100
0 100
29 100
0 100
26 100
0 100
30 100
47 100
0 100
11 100
0 100
98 100
5 100
38 100
0 100
8 100
0 100
0 100
57 100
0 100
5 100
0 100
31 100
0 100
75 100
0 100
0 100
0 100
63 100
17 100
0 100
2 100
22 100
0 100
0 100
19 100
11 100
6 100
14 100
0 100
57 100
18 100
0 100
1 100
0 100
0 100
16 100
0 100
0 100
71 100
14 100
0 100
40 100
33 100
0 100
19 100
95 100
12 100
87 100
47 100
0 100
25 100
0 100
133 100
0 100
66 100
28 100
0 100
0 100
13 100
44 100
0 100
0 100
0 100
0 100
49 100
46 100
5 100
0 100
20 100
0 100
88 100
22 100
38 100
