279 0.68
279 0.62
279 3.82
279 1.24
279 8.62
279 1.46
279 4.61
279 0.01
279 2.43
279 0.33
279 0.8
279 0.77
279 1.12
279 4.27
279 0.02
279 1.17
279 2.62
279 3.57
279 0
279 0.3
279 1.33
279 0.07
279 10.36
279 0.17
279 0.04
279 0.95
279 0.26
279 3.52
279 0
279 0.53
279 3.66
279 0.11
279 3.58
279 0.04
279 1.98
279 4.94
279 0.04
279 8.15
279 0.06
279 0
279 1.56
279 0.28
279 0.05
279 1.89
279 0.27
279 5.66
279 1.22
279 0.02
279 0
279 0.01
279 2.5
279 0.18
279 6.91
279 3.33
279 2.55
279 0.18
279 0.55
279 0.35
279 0.28
279 0.01
279 5.91
279 1.32
279 5.81
279 0.53
34 12.26
279 0.01
279 4.7
279 0.05
279 3.38
279 4.96
279 0.06
279 0.11
279 3.96
279 9.58
279 0.08
279 0.73
279 3.07
279 0.99
279 4.45
279 0.23
279 0.01
279 0.11
279 2.45
279 0.6
279 0.52
279 1.88
279 4.05
279 0.09
279 0.13
279 5.44
279 1.19
279 0.2
279 2.98
279 0.85
279 4.98
279 3
279 0.84
279 0.95
279 4.41
279 0
279 2.81
279 0
279 0.82
279 0.06
279 2.76
279 0.46
279 8.43
279 1.98
279 1.27
279 9.47
279 0.28
279 0.07
279 0.31
279 1.77
279 1.69
279 3.03
279 0.12
279 0.88
279 0.06
279 0.47
279 1.17
279 0.06
279 1.95
279 0.11
279 3.99
279 0.04
279 0.03
279 5.97
279 2.33
279 0.29
279 5.45
279 0.24
279 0.04
279 0.67
279 0
279 4.42
279 1.89
279 6.53
279 0.11
279 3.82
279 2.91
279 0.96
279 1.25
279 0.01
279 0.56
279 1.04
279 2.21
279 0.15
279 0.73
279 2.22
279 1.41
279 0.03
279 0.13
279 4.06
279 2.12
279 3.3
279 3.96
279 2.39
279 0.92
279 0.13
279 5.85
279 1.47
279 2.13
279 0.04
279 4.7
279 2.15
279 2.26
279 0.01
279 1.4
279 0.09
279 1.3
279 2.4
279 0
279 4.2
279 2.4
279 4.98
279 2.81
279 0.02
279 3.29
279 0.49
279 3.13
279 0.52
279 0.21
279 0.45
279 0
279 3.1
279 0.07
279 0.06
279 5.07
279 0.03
279 5.47
279 11.89
279 0.01
279 5.66
279 0.14
279 0.28
279 0.56
279 2.49
279 0.09
279 2.18
279 0.12
279 0
279 0.02
279 1.25
279 6.08
279 0.17
279 0.98
279 0.12
279 0
279 0.29
279 1.46
279 0.52
279 0.01
279 0.03
279 0.05
279 6.27
279 5.36
279 0.79
279 2.54
279 1.29
279 0.83
279 2.95
279 0.71
279 0
279 0.06
279 0.15
279 0
279 0.07
279 0.42
279 0.29
279 0.15
279 0.1
279 2.21
279 1.75
279 0.54
279 0.03
279 8.73
279 4.56
279 5.58
279 3.02
279 1.67
279 2.7
279 0.31
279 3.09
279 5.48
279 1.56
279 8.11
279 4.71
279 0.01
279 0.01
279 4.42
279 0.12
279 3.83
279 6.11
215 12.77
279 4.1
279 4.15
279 3.33
279 0.26
279 0.1
279 1.38
279 0.03
279 0.83
279 4.51
279 0
279 3.04
279 0.02
279 0.01
279 0.01
279 0.85
279 5.86
279 4.18
279 0
279 4.7
279 3.77
279 0.09
279 0.14
279 1.31
279 1.95
279 0.07
279 0.2
279 0
279 4.11
279 0.03
279 0.37
279 3.03
279 1.03
279 0.45
279 0.28
279 0.54
279 1.6
279 5.34
279 5.62
279 0.73
279 0.82
279 4.31
279 0.98
279 0.04
279 1.04
279 0.36
