1 100
1 100
1 100
18 100
57 100
280 0
1 100
104 100
1 100
5 100
77 100
1 100
1 100
1 100
1 100
1 100
280 0
1 100
1 100
95 100
1 100
181 100
206 100
1 100
77 100
1 100
1 100
119 100
64 100
34 100
1 100
160 100
108 100
1 100
1 100
280 0
130 100
25 100
43 100
102 100
1 100
2 100
1 100
1 100
240 100
1 100
1 100
15 100
81 100
57 100
4 100
1 100
73 100
1 100
1 100
175 100
118 100
82 100
1 100
1 100
280 0
52 100
1 100
130 100
125 100
2 100
1 100
1 100
64 100
229 100
1 100
1 100
8 100
3 100
280 0
1 100
1 100
1 100
2 100
1 100
1 100
1 100
280 0
1 100
1 100
266 100
280 0
1 100
1 100
1 100
17 100
1 100
1 100
1 100
9 100
1 100
1 100
9 100
2 100
26 100
1 100
1 100
125 100
12 100
1 100
1 100
97 100
152 100
64 100
2 100
1 100
184 100
13 100
1 100
100 100
7 100
1 100
1 100
31 100
47 100
5 100
1 100
263 100
1 100
1 100
94 100
1 100
28 100
1 100
73 100
120 100
2 100
10 100
1 100
1 100
13 100
141 100
115 100
5 100
19 100
1 100
2 100
128 100
158 100
1 100
76 100
48 100
38 100
1 100
43 100
1 100
1 100
219 100
182 100
8 100
1 100
280 0
16 100
5 100
280 0
6 100
1 100
7 100
1 100
13 100
246 100
36 100
1 100
10 100
49 100
1 100
58 100
114 100
1 100
7 100
3 100
1 100
2 100
50 100
70 100
1 100
1 100
280 0
11 100
138 100
3 100
12 100
280 0
95 100
239 100
97 100
1 100
1 100
280 0
77 100
1 100
1 100
43 100
1 100
29 100
5 100
1 100
1 100
175 100
1 100
55 100
2 100
1 100
165 100
42 100
2 100
1 100
280 0
1 100
139 100
1 100
1 100
102 100
38 100
1 100
3 100
1 100
50 100
35 100
110 100
1 100
10 100
280 0
1 100
4 100
1 100
16 100
1 100
1 100
164 100
1 100
129 100
1 100
1 100
280 0
1 100
1 100
1 100
127 100
280 0
1 100
1 100
1 100
9 100
11 100
24 100
198 100
173 100
2 100
1 100
1 100
1 100
3 100
2 100
1 100
2 100
16 100
1 100
1 100
13 100
5 100
69 100
1 100
1 100
99 100
249 100
1 100
1 100
1 100
1 100
1 100
1 100
140 100
18 100
3 100
160 100
280 0
266 100
1 100
94 100
1 100
1 100
1 100
1 100
78 100
1 100
10 100
280 0
12 100
16 100
8 100
53 100
77 100
1 100
85 100
