279 3.44
279 2.47
279 7.3
279 4.03
279 3.05
59 12.27
279 5.08
279 3.86
279 5.08
279 4.06
279 2.63
279 7.25
279 3.69
279 11.29
279 6.33
71 15.27
279 2.27
279 6.02
279 8.49
279 4.88
279 5.58
279 2.62
167 31.28
279 3.91
279 5.74
279 10.27
279 3.24
179 15.82
279 2.95
279 2.92
279 4.76
279 10.75
279 4.36
279 4.57
65 12.21
279 5.23
279 5.42
279 4.53
279 8.78
276 17.64
279 3.27
279 8.59
107 25.66
279 11.39
139 13.45
279 2.15
279 9.88
279 6.5
279 10.67
279 7.9
279 6.45
279 6.03
279 4.91
279 2.79
279 5.73
279 9.55
279 8.01
21 24.29
279 4.52
279 11.4
248 14.02
279 4.53
279 11.26
279 5.53
163 15.95
279 8.8
279 2.29
279 3.95
279 9.46
279 7.02
279 3.92
214 14.35
279 7.52
279 5.83
279 8.34
279 3.76
279 4.87
279 2.14
215 14.02
279 5.91
279 3.63
279 5.08
279 4.31
279 2.89
279 4.68
279 10.43
279 4.78
279 6.61
279 8.46
279 4.78
279 4.37
279 9.32
279 6.22
279 3.58
279 9.99
279 4.59
279 7.57
279 2.3
279 3.8
279 2.5
279 5.76
279 11.24
279 8.31
279 4.11
279 11.13
193 13.04
279 9
279 4.22
279 10.11
279 3.37
279 5.87
279 4.96
279 7.39
279 7.17
279 4.05
279 5.68
279 8.35
279 6.33
279 2.68
144 13.78
279 8.66
279 3.56
148 13.97
279 3.94
279 3.26
279 2.36
279 5.65
279 5.03
279 7.11
279 4.3
279 7.38
279 5.6
279 4.01
279 3.83
279 2.96
279 4.52
279 8.72
279 5.59
279 3.83
279 3.37
279 3.74
279 5.07
279 2.64
279 9.29
279 5.53
279 5.55
279 5.79
279 4.26
279 5.41
279 3.74
279 4.51
279 5.11
166 20.72
279 5.3
279 11.43
263 12.4
279 4.82
279 4.43
279 4.24
279 3.44
144 24.96
279 6.12
279 8.74
279 3.99
279 9.92
279 3.56
279 9.52
279 7.54
279 11.41
279 3.14
279 2.52
279 6.32
279 4.64
279 9.47
279 6.73
279 6.46
279 3.81
279 10.29
279 2.37
279 7.87
29 12.59
279 11.57
26 18.79
279 5.88
279 5.53
279 9.22
279 5.09
279 8.94
279 4.47
279 3.64
279 7.32
279 5.55
279 2.56
279 11.88
279 10.31
279 7.53
173 21.22
279 3.54
279 10.01
279 2.56
279 3.94
279 3.47
88 13.24
279 5.73
279 4.41
279 3.5
279 5.35
279 4.38
279 7.06
127 12.59
279 10.25
279 7.61
279 4.98
279 7.83
279 5.11
279 3.2
279 6.67
279 9.02
279 4.28
279 11.45
279 4.74
279 3.15
279 10.66
279 6.24
279 6.11
279 2.97
279 2.95
279 4.84
279 2.53
279 6.92
279 9.19
279 6.97
155 21.21
23 18.97
279 4.4
279 6.06
279 2.4
173 15.62
279 3.98
279 6.7
279 5.92
189 14.65
279 8.88
279 4.81
279 4.65
165 15.15
190 18.04
279 8.31
279 4.18
58 12.19
279 3.74
279 7.71
279 2.7
279 3.44
279 9.87
279 5.16
279 2.69
279 5.93
279 10.77
279 4.33
279 7.11
279 7.39
279 5.18
279 7.8
279 5.29
279 3.82
279 6.33
279 5.69
279 4.73
279 7.78
279 7.05
228 13.49
279 6.02
279 4.28
279 4.9
279 5.54
279 4.02
279 5.58
279 2.32
279 11.43
279 9.31
279 2.95
279 6.96
279 4.88
279 4.64
192 14.84
279 4.14
279 9.43
279 5.86
279 5.98
279 7.07
113 13.26
279 5.51
279 4.91
279 2.16
279 9.28
279 2.08
279 3.28
279 7.16
27 15.26
