1 100
5 100
9 100
12 100
17 100
4 100
8 100
4 100
8 100
15 100
19 100
10 100
6 100
8 100
40 100
9 100
0 100
10 100
16 100
3 100
1 100
5 100
14 100
3 100
35 100
7 100
13 100
28 100
12 100
16 100
5 100
0 100
8 100
0 100
1 100
6 100
10 100
15 100
22 100
6 100
4 100
5 100
2 100
0 100
1 100
4 100
1 100
8 100
23 100
24 100
9 100
11 100
6 100
6 100
11 100
0 100
8 100
10 100
6 100
0 100
1 100
37 100
19 100
3 100
4 100
3 100
1 100
9 100
15 100
9 100
0 100
17 100
3 100
12 100
10 100
7 100
1 100
3 100
5 100
1 100
12 100
19 100
2 100
2 100
0 100
3 100
1 100
4 100
15 100
1 100
5 100
3 100
1 100
8 100
4 100
35 100
4 100
12 100
5 100
7 100
3 100
3 100
8 100
0 100
8 100
10 100
18 100
2 100
2 100
5 100
1 100
5 100
4 100
20 100
1 100
4 100
6 100
19 100
3 100
1 100
4 100
14 100
3 100
4 100
13 100
0 100
0 100
10 100
10 100
20 100
11 100
12 100
0 100
1 100
12 100
24 100
27 100
36 100
2 100
0 100
16 100
12 100
6 100
2 100
0 100
2 100
5 100
4 100
1 100
3 100
8 100
6 100
30 100
6 100
10 100
20 100
25 100
2 100
5 100
4 100
13 100
35 100
32 100
1 100
8 100
18 100
5 100
0 100
0 100
0 100
10 100
5 100
6 100
10 100
3 100
6 100
14 100
18 100
8 100
1 100
2 100
17 100
23 100
2 100
3 100
34 100
11 100
2 100
1 100
2 100
5 100
6 100
7 100
4 100
4 100
8 100
12 100
15 100
13 100
14 100
7 100
7 100
2 100
3 100
3 100
0 100
10 100
4 100
2 100
0 100
1 100
0 100
9 100
30 100
2 100
4 100
25 100
8 100
23 100
12 100
10 100
12 100
5 100
5 100
7 100
3 100
3 100
18 100
17 100
2 100
4 100
0 100
4 100
37 100
21 100
37 100
8 100
8 100
0 100
25 100
5 100
5 100
22 100
0 100
16 100
4 100
5 100
1 100
0 100
39 100
7 100
8 100
6 100
7 100
16 100
7 100
9 100
7 100
8 100
10 100
7 100
8 100
12 100
11 100
3 100
11 100
24 100
8 100
2 100
4 100
17 100
20 100
1 100
2 100
2 100
18 100
16 100
2 100
16 100
27 100
3 100
37 100
27 100
0 100
1 100
12 100
24 100
5 100
4 100
1 100
27 100
5 100
1 100
2 100
10 100
11 100
10 100
10 100
3 100
6 100
