2 100
1 100
1 100
1 100
1 100
1 100
1 100
1 100
1 100
1 100
1 100
1 100
1 100
4 100
1 100
1 100
19 100
32 100
1 100
1 100
1 100
1 100
1 100
1 100
1 100
1 100
3 100
1 100
1 100
1 100
1 100
1 100
1 100
1 100
1 100
1 100
1 100
1 100
3 100
1 100
1 100
1 100
86 100
1 100
1 100
4 100
1 100
2 100
1 100
1 100
1 100
11 100
1 100
1 100
2 100
1 100
1 100
13 100
1 100
1 100
2 100
1 100
1 100
1 100
1 100
1 100
1 100
123 100
1 100
1 100
4 100
1 100
1 100
1 100
1 100
1 100
1 100
1 100
1 100
38 100
1 100
1 100
1 100
1 100
1 100
1 100
1 100
1 100
1 100
1 100
12 100
1 100
1 100
1 100
3 100
1 100
1 100
1 100
1 100
1 100
53 100
2 100
1 100
1 100
1 100
1 100
2 100
32 100
1 100
1 100
1 100
1 100
1 100
1 100
5 100
1 100
1 100
1 100
1 100
1 100
1 100
1 100
75 100
1 100
1 100
5 100
1 100
1 100
1 100
1 100
1 100
1 100
1 100
1 100
1 100
3 100
1 100
19 100
1 100
1 100
1 100
8 100
1 100
1 100
1 100
55 100
34 100
6 100
1 100
1 100
1 100
1 100
1 100
32 100
1 100
1 100
107 100
1 100
1 100
1 100
1 100
95 100
1 100
1 100
1 100
2 100
1 100
5 100
1 100
1 100
1 100
3 100
17 100
1 100
1 100
1 100
52 100
1 100
1 100
1 100
1 100
1 100
64 100
2 100
2 100
1 100
1 100
1 100
1 100
1 100
2 100
1 100
1 100
1 100
1 100
1 100
1 100
1 100
1 100
1 100
1 100
1 100
2 100
1 100
1 100
1 100
1 100
1 100
3 100
1 100
7 100
1 100
1 100
1 100
1 100
1 100
1 100
1 100
1 100
1 100
1 100
1 100
1 100
1 100
1 100
1 100
7 100
1 100
1 100
39 100
1 100
1 100
1 100
1 100
1 100
1 100
57 100
1 100
1 100
7 100
2 100
1 100
1 100
1 100
1 100
1 100
1 100
1 100
1 100
1 100
1 100
6 100
36 100
4 100
1 100
1 100
1 100
1 100
10 100
2 100
1 100
1 100
1 100
1 100
1 100
1 100
1 100
1 100
1 100
7 100
1 100
1 100
1 100
48 100
1 100
1 100
1 100
1 100
1 100
1 100
1 100
1 100
1 100
3 100
1 100
1 100
1 100
1 100
1 100
1 100
1 100
1 100
1 100
2 100
1 100
1 100
1 100
1 100
1 100
1 100
