250 12.31
109 22.3
280 1.23
280 2.1
203 15.32
147 15.4
280 7.66
280 2.12
214 16.66
247 14.94
280 1.18
280 5.57
280 3.51
206 15.34
280 4.19
280 8.01
125 17.12
280 1.97
280 3.81
280 4.04
131 15.65
280 11.42
130 13.11
209 15.3
108 16.39
199 12.33
95 29.07
280 0
108 15.05
280 2.69
280 0.02
134 14.8
170 16.69
76 15.75
62 14.68
280 10.1
280 17.37
280 4.67
200 21.55
72 18.82
280 4.58
280 9.88
136 13.51
1 13.55
280 3.69
280 6.36
280 0.09
280 5.99
271 13.09
280 0
280 10.07
65 13.1
88 13.15
215 14.34
54 14.26
280 8.99
280 11.62
104 12.2
280 9.37
201 12.86
280 10.46
224 12.48
280 2.51
268 13.99
280 8.28
279 13.14
280 0.19
280 0.08
280 0.46
280 18.12
114 12.35
122 12.9
12 14.9
254 17.76
249 19.27
280 11.3
280 11.46
36 13.53
175 18.24
200 13.48
268 12.72
198 13.78
148 14.53
280 4.77
280 5.68
64 12.59
133 15.33
21 16.75
160 18.84
185 13.65
39 37.93
280 7.59
280 23.61
126 15.03
280 10.88
35 33.87
176 21.76
280 6.4
225 26.67
188 16.21
280 10.21
158 22.46
106 19.86
1 13.37
40 13.14
280 10.14
280 0.34
280 11.77
224 18
280 9.52
39 13.16
272 14.76
249 20.95
280 2.24
243 15.39
280 2.97
109 16.85
280 8.97
280 1.41
148 12.93
280 4.51
280 1.04
280 6.97
232 22.78
35 18.21
238 13.51
201 21.82
203 28.43
192 14.52
280 3.63
280 9.64
280 6.19
237 15.49
57 14.01
222 20.58
280 8.84
214 13.51
280 4.47
280 2.31
280 4.72
3 20.05
254 12.47
39 13.97
225 14.04
280 9.74
280 0.59
246 15.04
280 2.17
280 0.46
214 13.87
280 11.24
54 15.72
280 8.31
203 19.35
280 5.33
280 4.28
280 7.42
280 3.37
280 3.1
280 1.3
14 12.88
41 14.87
108 16.43
112 18.65
280 5.28
152 18.91
48 14.74
280 10.93
250 13.27
182 14.33
133 12.34
240 16.51
280 11.45
58 16.93
179 15.37
280 0.01
67 17.82
173 12.3
280 10.2
280 5.27
280 0.82
280 11.07
280 7.18
280 4.39
251 13.64
280 11.51
149 15.43
280 4.98
280 0.16
190 14.07
110 13.54
94 19.33
215 13.79
264 21.92
280 2.7
280 9.45
280 9.68
280 11.55
19 12.68
280 4.32
59 14.67
280 9.3
280 2.76
280 11.86
280 9.23
280 3.83
223 16.37
280 5.36
280 1.57
280 7.04
280 2.75
255 12.28
75 17.04
280 7.41
280 11.22
4 17.16
229 17.71
280 3.03
160 22.73
280 10.96
280 7.3
207 12.65
83 12.64
254 13.64
280 8.32
235 20.81
143 19.07
280 8.62
280 7.25
280 10.17
280 0.04
280 0.5
280 3.87
126 27.33
280 4.31
280 6.18
244 20.92
280 7.25
280 9.02
248 13.48
153 15.33
219 17.91
280 9.2
280 9.18
122 14.23
280 5.24
161 14.93
280 11.16
102 14.08
245 13.24
128 13.52
280 2.39
280 7.74
105 14.25
138 15.77
280 2.95
51 16.87
280 11.89
280 9.01
92 15.11
221 14.91
280 0.01
280 0.03
280 3.36
280 0.31
280 10.95
23 14.24
137 12.93
280 0.15
23 13.83
197 17.4
280 8.42
174 38.81
280 6
175 13.75
124 12.89
272 12.38
180 12.13
280 4.55
87 12.37
77 13.4
280 8.31
280 7.96
280 6.54
215 12.33
37 16.97
276 14.25
137 14.02
280 0
216 13.02
280 7.37
159 14.94
224 20.87
280 11.29
275 13.66
280 8.66
280 7.27
258 13.31
156 13.54
280 4.51
