19 13
280 5.41
150 17.11
1 43.75
280 5.52
280 2.94
280 1.77
268 16.13
280 1.08
67 50.39
280 0.29
280 6.41
280 0.77
23 14.95
274 12.31
280 1.13
280 10.36
280 2.08
89 28.79
113 18.67
16 13.3
280 8.16
280 0.07
280 7
280 4.28
280 1.86
280 0.28
280 11.8
280 6.62
200 15.05
66 14.42
71 17.35
280 5.82
280 5.09
280 11.3
280 10.75
280 7.37
280 2.39
280 11.97
280 7.52
280 0.94
280 5.46
248 15.84
136 22.04
194 17.07
88 15.95
62 12.05
280 0.79
280 0.04
280 5.94
280 7.92
249 15.45
280 9.51
280 5.33
280 7.43
2 19.64
56 18.15
137 13.52
280 4.59
280 9.49
280 0.1
224 12.38
280 5.1
170 14.35
5 18.9
271 19.96
73 13.78
280 7.21
280 3.24
280 3.23
205 12.18
277 13.82
280 7.75
280 3.48
280 7.99
255 27.92
280 11.52
232 19.76
280 0.47
280 8.24
270 14.92
280 6.73
280 8.88
249 13.28
280 1.94
280 2.25
280 5.44
280 7.71
280 6.72
280 11.72
30 12.53
280 0.01
280 5.14
280 6.03
280 1.86
280 0.53
218 16.14
280 8.82
280 8.07
280 7.81
280 9.58
280 2.17
48 12.76
205 22.81
280 5.48
22 19.87
280 6.09
280 7.24
170 14.96
280 7.81
280 0.54
280 11.28
280 0.64
280 2.95
280 9.84
280 9.76
280 8.96
280 1.34
280 4.86
52 14.01
238 27.77
280 4.45
250 15.86
124 13.24
280 2.2
280 1.53
280 3.52
280 3.44
280 11.81
190 25.95
280 0
280 3.54
280 15.04
280 9.09
280 0.01
280 2.13
280 4.44
135 14.19
280 11.38
131 18.34
280 8.47
280 10.49
280 7.58
280 5.42
280 5.15
280 11.11
280 2.51
192 14.35
162 13.46
5 14.59
280 2.39
280 10.24
280 1.71
280 7.48
153 25.06
280 8.46
280 5.25
132 29.67
280 7.12
280 0
280 1.02
280 2.63
280 6.63
80 16.45
280 11.95
193 14.73
280 9.52
280 2.09
280 3
280 5.19
280 0.27
280 0.65
280 11.71
280 5.4
280 11.83
280 4.47
280 7.07
280 10.57
280 6.03
280 8.85
280 7.86
271 12.87
280 0.38
280 3.97
203 12.69
280 7.26
146 31.32
230 18.63
280 8.23
280 0.32
142 13.09
265 13.87
280 7.19
280 5.24
280 10.15
20 16.28
237 16.05
83 13.12
194 13.7
280 11.13
280 10.63
218 22.19
267 23.18
179 13.84
280 10.73
33 14.56
280 0.2
262 17.49
25 13.15
210 15.13
280 0.05
191 14.85
280 8.92
280 5.5
280 6.15
280 5.76
280 10.55
280 11.97
280 3.36
91 16.81
280 0.02
280 9.55
280 2.94
280 1.36
280 2.57
280 0.04
280 4.21
280 2.64
128 25.88
104 21.2
133 24.2
280 4.35
280 1.37
280 5.08
280 5.59
115 21.66
280 8.37
280 10.32
280 2.25
280 5.83
280 8.26
280 0.99
280 6.33
280 5.62
1 37.54
113 14.57
158 12.45
280 9.17
186 12.19
280 0.71
264 21.63
19 15.11
250 15.19
280 9.89
172 17.38
280 1.7
280 1.02
202 14.27
280 0.62
163 24.14
280 7.67
280 5.61
280 4.81
231 12.34
210 12.87
280 1.36
280 4.33
280 4.8
102 17.08
280 7.65
280 9.17
16 15.04
122 19.1
189 16.95
280 0.17
280 9.9
280 11.69
150 13.31
280 11.97
280 3.12
280 6.45
140 28.77
29 17.52
280 7.16
280 8.54
280 3.09
141 12.08
280 8.29
280 4.06
66 16.01
180 13.43
280 0.86
40 13.23
280 4.12
280 1.86
280 4.99
56 35.52
280 3.17
280 3.28
280 0.02
