279 22.31
279 20.58
279 19.72
279 33.89
279 41.77
279 48.9
279 15.27
279 25.92
279 27.53
279 38.45
279 11
279 11.94
279 52.72
279 39.13
279 39.1
279 23.37
279 28.13
279 19.73
279 26.33
279 21.35
200 62.62
279 22.12
279 31.31
279 45.03
279 29.75
279 33.24
279 6.92
279 22.89
279 51.48
279 21.58
279 22.33
279 24.68
279 18.82
279 27.35
279 17.35
279 16.46
279 16.25
279 29.16
279 15.8
279 32.48
279 9.3
279 25.3
279 11.32
279 36.19
279 50.5
279 59.53
279 19.93
279 26.45
279 29.4
279 21.07
279 32.71
279 23.43
279 30.67
279 31.33
279 14.02
279 19.44
279 41.92
279 34.75
279 20.96
279 27.51
279 31.45
279 22.11
279 18.2
279 28.2
279 17.61
279 26.57
279 27.37
279 31.05
279 38.53
279 41.82
279 32.59
279 28.15
279 59.42
279 32.21
279 33.36
279 20.33
279 43.69
279 22.8
279 16.54
279 26.28
279 15.53
279 15.23
279 13.09
279 23.15
279 18.32
279 38.48
279 20.71
279 12.05
279 45.39
279 22.74
279 28.84
279 16.9
279 18.37
279 25.37
279 31.3
279 42.14
279 32.65
279 21.66
279 26.33
279 23.66
279 11.67
279 52.91
279 31.23
279 26.3
279 39.88
279 29.3
279 14.39
279 19.89
279 17.37
279 25.38
58 63.24
279 30.65
97 61.44
279 15.6
279 18.11
52 61.84
279 32.88
279 33.04
279 34.91
279 27
279 37.83
279 25.44
279 29.86
279 28.42
279 44.1
279 23.07
279 26.92
279 17.52
279 33.73
279 15.42
279 32.86
279 25.67
279 18.55
279 17.87
279 24.73
279 27.51
279 30.68
279 15.74
279 43.4
279 14.12
279 22.94
279 28.02
279 16.73
279 19.75
279 27.09
279 19.99
279 45.26
279 29.49
279 19.98
279 19.69
279 16.65
279 23.18
279 24.13
279 12.43
279 19.8
279 13.81
279 41.1
279 36.63
279 36.35
279 30.62
279 29.17
279 23.78
279 37.51
279 29.17
279 27.76
279 24.6
279 24.74
279 18.08
279 16.66
279 28.8
279 21.1
279 22.14
279 47.5
279 25.69
279 31.79
279 14.07
279 12.62
279 42.14
279 20.66
279 18.2
279 33.15
279 21.63
279 17.33
279 16.55
279 38.27
279 28.39
279 13.43
239 63.46
279 17.14
279 36.9
279 39.46
279 35.7
279 14.1
279 17.17
279 27.33
279 26.52
279 46.39
279 17.46
279 16.79
279 19.5
279 27.78
279 34.38
279 26.9
279 29.94
279 31.05
279 33.3
279 26.61
279 13.64
279 46.35
279 30.84
279 14.86
279 29.93
279 28.28
279 15.62
279 42.29
279 17.09
279 33.74
279 28.74
279 17.86
279 25.91
279 38.93
279 48.01
279 20.88
279 14.74
279 42.48
279 49.63
279 38.96
279 23.02
279 24.74
279 40.29
279 18.96
279 29.77
279 50.87
279 19.6
279 36.16
279 15.18
279 43.03
279 70.69
279 24.14
279 16.13
279 23.95
279 13.99
279 17.88
121 60.16
279 19.69
279 29.86
279 33.15
279 21.61
279 33.1
279 17
279 24.66
279 20.04
279 14.34
279 14.82
279 33.68
279 38.02
279 19.27
279 43.06
279 29.57
279 29.04
279 21.67
279 51.19
279 26.02
279 26.73
279 18.77
279 25.88
279 17.76
279 19.09
279 18
279 19.77
279 17.25
279 21.53
279 14.97
279 16.91
279 10.69
279 20.79
279 27.64
279 20.39
279 15.13
279 21.93
279 23.42
279 24.5
279 20.13
279 35.8
279 5.3
279 31.96
279 30.46
279 30.9
279 42.65
279 16.2
279 21.29
279 22.76
279 22.46
279 35.05
279 11.84
279 31.85
279 12.75
279 12.41
279 17.93
127 62.47
