1 100
0 100
1 100
3 100
2 100
0 100
0 100
8 100
0 100
1 100
2 100
8 100
0 100
5 100
0 100
0 100
0 100
3 100
0 100
5 100
0 100
0 100
4 100
14 100
1 100
0 100
5 100
9 100
4 100
10 100
7 100
1 100
5 100
1 100
0 100
2 100
10 100
3 100
22 100
1 100
4 100
12 100
2 100
3 100
1 100
1 100
2 100
2 100
5 100
1 100
6 100
10 100
6 100
7 100
1 100
2 100
0 100
2 100
4 100
2 100
2 100
8 100
0 100
0 100
9 100
0 100
4 100
3 100
6 100
1 100
0 100
1 100
3 100
3 100
0 100
2 100
0 100
0 100
3 100
4 100
0 100
6 100
4 100
1 100
0 100
5 100
0 100
0 100
2 100
2 100
1 100
2 100
5 100
0 100
0 100
1 100
0 100
10 100
9 100
2 100
0 100
4 100
1 100
6 100
0 100
0 100
0 100
3 100
0 100
2 100
0 100
1 100
6 100
5 100
1 100
4 100
8 100
16 100
6 100
5 100
0 100
7 100
6 100
1 100
4 100
1 100
3 100
5 100
7 100
8 100
6 100
2 100
1 100
0 100
1 100
0 100
2 100
4 100
0 100
5 100
4 100
2 100
13 100
8 100
6 100
2 100
3 100
0 100
4 100
2 100
0 100
2 100
4 100
2 100
1 100
10 100
10 100
4 100
3 100
0 100
2 100
1 100
2 100
4 100
0 100
3 100
2 100
0 100
2 100
4 100
5 100
0 100
0 100
0 100
1 100
0 100
0 100
2 100
0 100
0 100
1 100
0 100
2 100
11 100
6 100
5 100
2 100
8 100
2 100
3 100
0 100
1 100
2 100
10 100
5 100
2 100
0 100
0 100
2 100
4 100
4 100
0 100
6 100
4 100
11 100
0 100
4 100
2 100
1 100
11 100
9 100
4 100
15 100
23 100
4 100
6 100
10 100
0 100
8 100
2 100
1 100
2 100
2 100
1 100
10 100
8 100
4 100
3 100
5 100
0 100
1 100
2 100
6 100
2 100
3 100
0 100
2 100
6 100
3 100
5 100
12 100
3 100
0 100
8 100
1 100
3 100
0 100
4 100
0 100
11 100
1 100
16 100
5 100
3 100
3 100
13 100
1 100
1 100
2 100
5 100
5 100
1 100
0 100
1 100
0 100
1 100
2 100
2 100
10 100
3 100
0 100
3 100
15 100
9 100
1 100
3 100
2 100
2 100
8 100
1 100
7 100
0 100
1 100
2 100
10 100
5 100
8 100
5 100
6 100
7 100
11 100
1 100
0 100
7 100
2 100
0 100
0 100
4 100
0 100
1 100
