280 45.92
280 38.96
280 54.1
29 78.99
280 44.9
280 53.82
225 67.42
280 46.68
280 32.63
280 57.1
280 51.15
280 58.52
280 31.44
280 27.54
122 60.53
280 46.5
280 51.4
58 62.31
280 56.87
280 35.05
280 34.66
280 47.51
280 51.52
280 42.7
280 58.78
280 59.06
280 47.94
280 27.41
280 32.24
280 53.74
280 20.03
280 48.66
122 65.71
280 50.88
280 34.26
280 54.61
280 29.3
280 42.26
280 45.46
280 31.34
280 28.87
280 38.89
280 22.38
280 34.11
120 67.79
280 30.73
280 52.73
280 24.39
280 45.72
148 66.55
280 52.35
280 53.64
280 31.88
280 44.19
217 62.86
280 56.6
280 31.01
280 37.33
280 22.58
280 58.47
280 48.84
205 61.64
280 50.8
168 60.03
265 67.12
280 32.92
276 61.22
280 44.8
147 71.53
280 18.31
280 49.56
280 30.27
280 42.24
146 75.61
280 47.66
280 46.17
280 56.92
280 19.65
280 29.09
280 42.24
165 62.18
280 43.53
280 41.24
280 56.55
134 69.18
280 41.28
280 59.96
280 39.63
280 46.18
280 35.86
280 37.56
280 49.91
280 30.59
280 30.53
43 69.26
80 64.31
280 55.77
280 44.17
280 40.44
280 40.66
196 74.74
280 42.15
280 58.88
280 51.58
280 35.26
280 23.05
116 72.7
24 68.46
280 30.42
280 28.01
280 27.62
280 38.55
280 28.92
280 37.74
280 30.88
280 37.25
280 29.27
280 42.13
280 38.34
201 62.05
280 46.27
280 49.51
280 40.7
280 44.4
280 41.72
280 36.76
280 26.12
280 53.43
280 37.1
280 53.83
280 53.32
280 49.41
280 31.96
254 63.73
280 20.74
19 61.72
280 47.02
280 43.53
280 53.28
280 31.65
280 56.9
280 32.49
280 49.2
72 63
280 53.22
280 40.61
280 55.28
214 75
280 34.05
280 48.27
280 37.44
280 19.46
280 40.86
280 33.47
214 61.05
280 49.91
280 54.69
280 30.5
280 37.95
280 36.29
280 31.99
280 30.85
280 26.11
280 42.26
280 37.71
280 51.14
280 37.52
280 34.33
280 31.08
280 47.57
280 51.84
224 60.24
126 60.78
280 47.81
280 48.29
280 57.89
280 26.22
280 29.63
280 30.15
280 18.97
280 47.64
280 57.12
280 42.58
280 52.5
88 62.59
280 30.28
280 38.04
280 46.32
185 60.54
144 65.36
280 42.47
280 59.06
280 46.58
280 31.17
280 41.87
163 62.99
280 34.78
280 49.57
280 57.64
280 37.4
280 55.33
280 46.12
280 50.51
65 73.1
280 42.1
238 67.67
280 46.98
280 34.6
84 60.68
280 43.48
280 54.24
280 54
280 30.6
280 40.84
280 35.89
154 66.73
280 34.92
280 54.93
163 63.55
237 62.11
280 10.67
280 31.06
280 26.28
280 22.54
280 38.81
280 35.44
280 39.7
268 65.03
280 27.33
280 55.64
196 65.53
280 56.37
280 27.58
65 64.69
280 43.38
195 60.32
101 76.98
280 36.51
230 64.51
280 44.35
280 38.9
280 33.83
280 47.71
280 47.71
280 29.86
280 45.31
280 40.45
280 34.16
280 51.26
280 39.96
280 40.4
280 33.42
280 46.27
280 32.38
280 49.69
280 33.55
280 37.83
280 42.1
280 34.33
144 85.08
280 50.8
280 19.17
280 52.82
280 35.35
280 41.99
280 39.78
280 50.52
161 73.69
280 37.29
280 30.45
280 42.57
280 28.45
280 44.66
259 84.49
280 56.37
280 27.26
44 60.96
280 45.09
280 49.51
280 42.4
280 38.94
280 30.97
242 62.03
280 27.99
280 53.82
280 38.93
280 54.52
280 41.64
280 32.33
280 35.19
280 54.13
280 46.08
280 57.58
86 62.4
280 45.36
33 61.53
280 47.09
280 54.61
280 25.3
148 66.98
