6 100
0 100
4 100
9 100
0 100
5 100
0 100
0 100
6 100
19 100
0 100
1 100
16 100
0 100
5 100
0 100
4 100
1 100
0 100
8 100
3 100
0 100
2 100
4 100
18 100
1 100
2 100
19 100
0 100
5 100
5 100
10 100
2 100
1 100
4 100
2 100
15 100
7 100
3 100
0 100
1 100
4 100
0 100
0 100
0 100
9 100
9 100
8 100
0 100
6 100
1 100
4 100
0 100
0 100
0 100
3 100
7 100
17 100
5 100
2 100
21 100
0 100
5 100
2 100
0 100
15 100
0 100
5 100
1 100
1 100
0 100
4 100
14 100
4 100
0 100
0 100
3 100
3 100
17 100
1 100
12 100
16 100
2 100
0 100
0 100
0 100
4 100
4 100
3 100
27 100
2 100
16 100
2 100
13 100
1 100
3 100
0 100
0 100
13 100
0 100
3 100
0 100
0 100
2 100
2 100
2 100
0 100
0 100
0 100
0 100
0 100
13 100
11 100
0 100
12 100
0 100
15 100
2 100
4 100
0 100
0 100
6 100
4 100
15 100
1 100
3 100
1 100
7 100
6 100
5 100
3 100
6 100
8 100
1 100
5 100
11 100
5 100
0 100
13 100
5 100
4 100
1 100
5 100
0 100
4 100
0 100
0 100
2 100
0 100
0 100
3 100
0 100
1 100
1 100
0 100
3 100
1 100
0 100
0 100
1 100
3 100
9 100
13 100
2 100
1 100
4 100
0 100
10 100
0 100
4 100
10 100
0 100
3 100
0 100
12 100
1 100
7 100
0 100
7 100
0 100
0 100
0 100
16 100
0 100
2 100
12 100
6 100
1 100
2 100
0 100
7 100
1 100
2 100
1 100
0 100
2 100
0 100
3 100
0 100
10 100
6 100
16 100
6 100
0 100
4 100
6 100
1 100
7 100
0 100
2 100
3 100
5 100
0 100
5 100
0 100
4 100
4 100
17 100
9 100
7 100
0 100
7 100
7 100
0 100
7 100
0 100
5 100
0 100
0 100
1 100
1 100
4 100
0 100
4 100
0 100
0 100
5 100
6 100
2 100
3 100
19 100
12 100
3 100
4 100
0 100
4 100
5 100
1 100
0 100
0 100
0 100
0 100
15 100
3 100
0 100
11 100
2 100
6 100
1 100
7 100
30 100
3 100
0 100
4 100
1 100
5 100
19 100
6 100
8 100
0 100
3 100
9 100
20 100
23 100
0 100
6 100
13 100
17 100
2 100
19 100
8 100
18 100
28 100
1 100
0 100
1 100
0 100
1 100
14 100
1 100
4 100
3 100
5 100
28 100
5 100
6 100
1 100
2 100
36 100
1 100
