0.29
0.29
0.29
0.29
0.29
0.29
0.29
0.29
0.29
0.29
0.29
0.29
0.29
0.29
0.29
0.29
0.29
0.08
0
0
0.08
0.08
0.08
0.08
0.13
0.18
0.06
0.06
0.06
0
0
0
0
0
0
0
0
0
0
0
0
0
0
0
0
0
0
0
0
0
0
0
0
0
0
0
0
0
0
0
0
0
0
0
0
0
0
0
0
0
0
0
0
0
0
0
0
0
0
0
0
0
0
0
0
0
0
0
0
0
0
0
0
0
0
0
0
0
0
0
0
0
0
0
0
0
0
0
0
0
0
0
0
0
0
0
0
0
0
0
0
0
0
0
0
0
0
0
0
0
0
0
0
0
0
0
0
0
0
0
0
0
0
0
0
0
0
0
0
0
0
0
0
0
0
0
0
0
0
0
0
0
0
0
0
0
0
0
0
0
0
0
0
0
0
0
0
0
0
0
0
0.01
0.01
0.01
0.01
0.01
0.01
0.39
0.39
0.66
0.66
1.7
1.7
1.7
1.7
1.7
1.7
1.7
1.7
1.7
1.7
1.7
1.7
1.7
1.7
1.7
1.7
1.7
1.7
1.7
1.7
1.7
1.7
1.7
1.7
1.7
1.7
1.7
1.27
1.27
1.27
1.27
1.27
1.27
1.27
1.27
1.27
1.27
1.27
1.27
1.27
1.27
1.27
1.27
1.27
1.27
1.27
1.27
1.27
1.27
1.27
1.27
1.27
1.27
1.27
1.27
1.27
1.27
1.27
1.27
1.36
8.61
8.61
8.61
8.61
8.61
8.61
8.61
8.61
8.61
8.61
8.61
8.61
8.61
8.61
8.61
8.61
8.61
8.61
8.61
8.61
8.61
8.61
8.61
8.61
8.61
8.61
8.61
8.61
8.61
