1.24
1.24
0
0.79
0.79
0.79
0.79
0.79
0.1
0.02
0.02
0.44
0.44
0.44
0.44
0.44
0.44
0.44
0
0
0.01
0
0
0.56
0.02
0.03
0.12
0.12
2.59
2.59
2.59
2.59
2.59
2.59
2.59
2.59
0.69
2.38
1.22
1.32
1.32
1.32
1.32
1.32
1.83
1.83
1.83
1.83
0
0.25
0.25
0.76
0.76
0.15
0.15
0.15
0.15
0.15
0.15
0.15
0.15
0.15
0.21
0.17
0.17
1.22
1.22
1.22
1.22
1.22
1.22
1.22
1.22
1.22
4.33
4.33
4.33
4.33
4.33
4.33
5.46
5.46
5.46
5.46
5.46
5.46
5.46
5.46
5.46
5.46
5.59
5.59
5.59
5.59
5.59
5.59
5.59
5.59
5.59
5.59
5.59
5.59
5.59
5.59
5.59
5.59
5.59
5.59
5.59
5.59
5.59
5.59
5.59
5.59
5.59
5.59
5.59
5.59
5.59
5.59
5.59
5.59
5.59
5.59
5.59
5.59
5.59
5.59
5.59
5.59
5.59
5.59
5.59
5.59
5.59
5.59
5.59
5.59
5.59
5.59
12.3
