0.01
0
0.02
0.09
0.01
0.25
0.56
0.56
0.56
0.05
0.01
0.07
0
0
0.07
0
0.84
0.84
0.84
0.84
0.04
0.5
0.76
0.02
0.03
0.71
0.71
0.16
0.16
0.16
0.16
0
0.09
0.09
0.18
0.18
0.18
0.2
0.2
0.2
0.44
0.44
0.03
0.03
0.04
0.04
0.02
0.02
0.05
0.05
0.05
0.05
0.05
0.05
0.05
0.05
0.03
0.05
0.05
0
0
0.04
0.04
0.04
0.04
0.04
0.04
0.03
0
0
0
0
0
0
0
0
0
0
0
0
0
0
0
0
0
0
0
0
0
0
0
0
0
0
0
0
0
0
0
0
0
0
0
0
0
0
0
0
0
0
0
0
0
0
0
0
0
0
0
0
0
0
0
0
0
0
0
0
0
0
0
0
0
0
0
0
0
0
0
0
0
0
0
0
0
0
0
0
0
0
0
0
0
0
0
0
0
0
0
0
0
0
0
0
0
0
0
0
0
0
0
0
0
0
0
0
0
0
0
0
0
0
0
0
0
0
0
0
0
0
0
0
0
0
0
0
0
0
0
0
0
0
0
0
0
0
0
0
0
0
0
0
0
0
0
0
0.14
0.14
0.14
0.14
0.14
0.14
0.14
0.14
0.14
0.14
0.06
0.06
0.06
0.2
0.2
0.52
0.52
2.19
2.19
2.19
2.19
2.19
2.19
2.19
2.19
2.19
2.19
3.47
3.47
3.47
3.47
3.47
4.31
4.31
4.31
4.31
4.31
4.31
4.31
4.31
4.31
4.31
4.31
4.31
4.31
4.31
4.31
4.31
4.31
4.31
4.31
4.31
4.31
4.31
4.31
4.31
4.31
4.31
4.31
4.31
4.31
4.31
4.31
4.31
