0.87
1.16
1.16
1.16
3.71
3.71
3.62
3.62
3.62
3.62
3.62
3.62
3.62
3.62
3.62
3.62
3.62
3.62
3.62
3.62
3.62
3.62
3.62
3.62
3.62
3.62
3.62
3.62
3.62
3.62
8.22
8.22
8.22
8.22
8.22
8.22
8.22
8.22
8.22
8.22
8.22
8.22
8.22
8.22
8.22
8.22
8.22
8.22
8.22
8.22
8.22
8.22
8.22
8.22
8.22
8.22
8.22
8.22
8.22
8.22
8.22
8.22
8.22
8.22
8.22
8.22
8.22
8.22
8.22
8.22
8.22
8.22
8.22
8.22
8.22
8.22
8.22
8.22
8.22
8.22
8.22
8.22
8.22
8.22
8.22
8.22
8.22
8.22
8.22
8.22
8.22
8.22
8.22
8.22
8.22
8.22
8.22
8.22
8.22
8.22
8.22
8.22
8.22
8.22
8.22
8.67
8.67
8.67
8.67
8.67
8.67
8.67
8.67
8.67
8.67
8.67
8.67
8.67
8.67
8.67
8.67
8.67
8.67
8.67
8.67
8.67
8.67
8.67
8.67
8.67
8.67
8.67
8.67
8.67
8.67
8.67
8.67
8.67
8.67
8.67
8.67
8.67
8.67
8.67
8.67
8.67
8.67
8.67
8.67
8.67
8.67
8.67
8.67
8.67
8.67
8.67
8.67
8.67
8.67
8.67
8.67
8.67
8.67
8.67
8.67
8.67
8.67
8.67
8.67
8.67
8.67
8.67
8.67
8.67
8.67
8.67
8.67
8.67
8.67
8.67
8.67
8.67
8.67
8.67
8.67
8.67
8.67
8.67
8.67
8.67
8.67
8.67
8.67
8.67
8.67
7.1
7.1
7.1
7.1
7.1
7.1
7.1
9.02
9.02
9.02
9.02
9.02
9.02
9.02
9.02
9.02
9.02
9.02
9.02
9.02
9.02
9.02
9.02
9.02
9.02
9.02
9.02
9.02
9.02
9.02
9.02
9.02
9.02
9.02
9.02
9.02
9.02
9.02
9.02
9.02
9.02
9.02
9.02
9.02
9.02
9.02
9.02
12.32
