0.26
0.06
0.58
0.58
0
0.01
0.01
0.01
0.01
0.01
0.16
0.02
0
0
0
0
0.01
0.24
0.24
0.17
0.04
0.29
0.01
0.01
0.06
0.04
0.04
0.04
0.39
0.18
0.18
0.18
0.34
0.33
0.33
0.33
0.75
0.75
3.24
3.24
3.24
3.24
3.24
3.24
3.24
3.24
3.24
3.24
3.24
3.24
3.24
3.24
3.24
3.24
3.24
3.24
3.24
3.24
3.24
3.24
0.69
6.2
6.2
6.2
6.2
6.2
6.2
6.2
6.2
6.2
6.2
6.2
6.2
6.2
6.2
6.2
6.2
6.2
6.2
6.2
6.2
6.2
6.2
6.2
6.2
6.2
6.2
6.2
6.2
6.2
6.2
6.2
6.2
6.2
6.2
6.2
6.2
6.2
6.2
6.2
6.2
6.2
6.2
6.2
6.2
6.2
6.2
6.2
6.2
6.2
6.2
6.2
6.2
6.2
6.2
6.2
6.2
6.2
6.2
6.2
6.2
6.2
6.2
6.2
6.2
6.2
6.2
6.2
6.2
6.2
6.2
6.2
6.2
6.2
6.2
6.2
6.2
6.2
6.2
6.2
6.2
6.2
6.2
6.2
6.2
6.2
6.2
6.2
6.2
6.2
6.2
6.2
6.2
6.2
6.2
6.2
5.31
5.31
5.31
5.31
5.31
5.31
5.31
5.31
5.31
5.31
5.31
5.31
5.31
5.31
5.31
5.31
5.31
5.31
5.31
5.31
5.31
5.31
5.31
5.31
5.31
5.31
5.31
5.31
5.31
5.31
5.31
5.31
5.31
5.31
5.31
5.31
5.31
5.31
5.31
5.31
5.31
5.31
5.31
5.31
5.31
5.31
4.91
11.11
11.11
11.11
33.78
